solid exported
	facet normal 0.3567094039471362 0.9237212193682846 0.1396334846104205
		outer loop
			vertex 0.07648887744330576 1.35958284379449 -0.04935031936547848
			vertex 0.009400508765767496 1.3804370076886783 -0.015922676171387935
			vertex 0.09107080149904513 1.3527812519388398 -0.041606723427598656
		endloop
	endfacet
	facet normal 0.3548074982478879 0.9256430579230052 0.13151641914994222
		outer loop
			vertex 0.09559740709747654 1.3459852106121597 -0.005986571223454089
			vertex 0.09107080149904513 1.3527812519388398 -0.041606723427598656
			vertex 0.009400508765767496 1.3804370076886783 -0.015922676171387935
		endloop
	endfacet
	facet normal 0.3439280703998132 0.9177608023588132 0.19856634167141385
		outer loop
			vertex 0.09559740709747673 1.3459852106121604 -0.005986571223454101
			vertex 0.009400508765767496 1.3804370076886783 -0.015922676171387935
			vertex 0.11772392844601558 1.3196195209037653 0.07754956390314062
		endloop
	endfacet
	facet normal 0.3518282490422454 0.9168262396031315 0.18880288544153423
		outer loop
			vertex 0.023560654922171985 1.342811176182886 0.14040125984253482
			vertex 0.11772392844601558 1.3196195209037653 0.07754956390314062
			vertex 0.009400508765767496 1.3804370076886783 -0.015922676171387935
		endloop
	endfacet
	facet normal 0.25895688520872484 0.9625075116831224 -0.08075036567446314
		outer loop
			vertex 0.009400508765767496 1.3804370076886783 -0.015922676171387935
			vertex 0.07648887744330556 1.359582843794489 -0.04935031936547833
			vertex 0.005021149241210979 1.3761229026918933 -0.08138892791067188
		endloop
	endfacet
	facet normal -0.14282871425673413 0.9592454459256762 0.2438198778906659
		outer loop
			vertex 0.009400508765767496 1.3804370076886783 -0.015922676171387935
			vertex -0.011250339624209935 1.338032594778508 0.13880919464145408
			vertex 0.023560654922172103 1.3428111761828876 0.14040125984253565
		endloop
	endfacet
	facet normal -0.1422675751987304 0.9688406550739972 0.20275039364416042
		outer loop
			vertex 0.013485611294058338 1.340619198225238 0.14380606375436153
			vertex 0.023560654922172103 1.3428111761828876 0.14040125984253565
			vertex -0.011250339624209935 1.338032594778508 0.13880919464145408
		endloop
	endfacet
	facet normal -0.34241642959992197 0.9157056674834253 0.21031908919253264
		outer loop
			vertex -0.14638171537402594 1.309373777223069 0.03985262195772198
			vertex -0.1293212056998443 1.3016132191781395 0.10141710402197728
			vertex 0.009400508765767496 1.3804370076886783 -0.015922676171387935
		endloop
	endfacet
	facet normal -0.34522538960954835 0.9154469249440346 0.20682446175306932
		outer loop
			vertex -0.1293212056998443 1.3016132191781395 0.10141710402197728
			vertex -0.1276657720992086 1.3018855571939454 0.10297488257441002
			vertex 0.009400508765767496 1.3804370076886783 -0.015922676171387935
		endloop
	endfacet
	facet normal -0.3471319153432122 0.9152490731194648 0.20449588627675036
		outer loop
			vertex -0.011250339624209973 1.3380325947785094 0.13880919464145475
			vertex 0.009400508765767496 1.3804370076886783 -0.015922676171387935
			vertex -0.1276657720992086 1.3018855571939454 0.10297488257441002
		endloop
	endfacet
	facet normal -0.5711362969334812 -0.45108752800146495 0.6858012630541286
		outer loop
			vertex -0.12786498733373203 1.2997368240698415 0.10139564114839959
			vertex -0.1276657720992082 1.3018855571939443 0.10297488257440963
			vertex -0.1293212056998442 1.3016132191781393 0.10141710402197722
		endloop
	endfacet
	facet normal -0.5564463114064767 0.8304622934505987 0.026455276957508468
		outer loop
			vertex -0.16446167763507982 1.3070151697668049 -0.02400557494394285
			vertex -0.15911414234253643 1.3098077735781748 0.0008085339318374573
			vertex -0.13754269049709328 1.3257785849187038 -0.046811523309174784
		endloop
	endfacet
	facet normal -0.3715939818125612 0.9169848134523867 0.14510949168947437
		outer loop
			vertex -0.08652445808490414 1.3523023390558608 -0.08377541553967323
			vertex -0.13754269049709408 1.3257785849187054 -0.04681152330917472
			vertex 0.009400508765767496 1.3804370076886783 -0.015922676171387935
		endloop
	endfacet
	facet normal -0.3709022450980745 0.9180755187177824 0.1398887647821753
		outer loop
			vertex -0.13754269049709408 1.3257785849187054 -0.04681152330917472
			vertex -0.1591141423425366 1.309807773578175 0.0008085339318374712
			vertex 0.009400508765767496 1.3804370076886783 -0.015922676171387935
		endloop
	endfacet
	facet normal -0.37205293838397285 0.9188435596727382 0.1315413390831297
		outer loop
			vertex -0.1463817153740259 1.309373777223069 0.039852621957721976
			vertex 0.009400508765767496 1.3804370076886783 -0.015922676171387935
			vertex -0.1591141423425366 1.309807773578175 0.0008085339318374712
		endloop
	endfacet
	facet normal -0.2506693717346284 0.9672800381061671 -0.03916878802693002
		outer loop
			vertex -0.05903312998272508 1.3586934283818628 -0.10188322158773594
			vertex -0.08652445808490423 1.3523023390558615 -0.08377541553967335
			vertex 0.005021149241210983 1.3761229026918937 -0.08138892791067198
		endloop
	endfacet
	facet normal -0.2503940233859834 0.9670037781648207 -0.04697367419674214
		outer loop
			vertex 0.009400508765767496 1.3804370076886783 -0.015922676171387935
			vertex 0.005021149241210983 1.3761229026918937 -0.08138892791067198
			vertex -0.08652445808490423 1.3523023390558615 -0.08377541553967335
		endloop
	endfacet
	facet normal 0.24810069531486115 -0.2310667538340131 0.9407731927818171
		outer loop
			vertex 0.08364650179380809 1.334387579332288 -0.044166524578039025
			vertex 0.09107080149904513 1.3527812519388398 -0.041606723427598656
			vertex 0.009826371947125368 1.3605792847305587 -0.01826563999298933
		endloop
	endfacet
	facet normal -0.24810069531486115 0.2310667538340131 -0.9407731927818171
		outer loop
			vertex 0.009826371947125368 1.3605792847305587 -0.01826563999298933
			vertex 0.09107080149904513 1.3527812519388398 -0.041606723427598656
			vertex 0.08364650179380809 1.334387579332288 -0.044166524578039025
		endloop
	endfacet
	facet normal 0.26499425817493333 -0.1073788575783738 0.9582524845151618
		outer loop
			vertex 0.09107080149904513 1.3527812519388398 -0.041606723427598656
			vertex 0.009400508765767496 1.3804370076886783 -0.015922676171387935
			vertex 0.009826371947125368 1.3605792847305587 -0.01826563999298933
		endloop
	endfacet
	facet normal -0.26499425817493333 0.1073788575783738 -0.9582524845151618
		outer loop
			vertex 0.009826371947125368 1.3605792847305587 -0.01826563999298933
			vertex 0.009400508765767496 1.3804370076886783 -0.015922676171387935
			vertex 0.09107080149904513 1.3527812519388398 -0.041606723427598656
		endloop
	endfacet
	facet normal -0.43587988108190695 0.09623282557872345 -0.8948452226777309
		outer loop
			vertex 0.009826371947125368 1.3605792847305587 -0.01826563999298933
			vertex 0.009400508765767496 1.3804370076886783 -0.015922676171387935
			vertex 0.07002766971547025 1.3406591251672653 -0.04973198416001633
		endloop
	endfacet
	facet normal 0.43587988108190695 -0.09623282557872345 0.8948452226777309
		outer loop
			vertex 0.07002766971547025 1.3406591251672653 -0.04973198416001633
			vertex 0.009400508765767496 1.3804370076886783 -0.015922676171387935
			vertex 0.009826371947125368 1.3605792847305587 -0.01826563999298933
		endloop
	endfacet
	facet normal -0.4014701784200021 0.1552801426748574 -0.9026127481540951
		outer loop
			vertex 0.009400508765767496 1.3804370076886783 -0.015922676171387935
			vertex 0.07648887744330576 1.35958284379449 -0.04935031936547848
			vertex 0.07002766971547025 1.3406591251672653 -0.04973198416001633
		endloop
	endfacet
	facet normal 0.4014701784200021 -0.1552801426748574 0.9026127481540951
		outer loop
			vertex 0.07002766971547025 1.3406591251672653 -0.04973198416001633
			vertex 0.07648887744330576 1.35958284379449 -0.04935031936547848
			vertex 0.009400508765767496 1.3804370076886783 -0.015922676171387935
		endloop
	endfacet
	facet normal 0.4152156821278912 -0.15983133551733775 0.8955723764731772
		outer loop
			vertex 0.07002766971547025 1.3406591251672653 -0.04973198416001633
			vertex 0.07648887744330576 1.35958284379449 -0.04935031936547848
			vertex 0.009826371947125368 1.3605792847305587 -0.01826563999298933
		endloop
	endfacet
	facet normal -0.4152156821278912 0.15983133551733775 -0.8955723764731772
		outer loop
			vertex 0.009826371947125368 1.3605792847305587 -0.01826563999298933
			vertex 0.07648887744330576 1.35958284379449 -0.04935031936547848
			vertex 0.07002766971547025 1.3406591251672653 -0.04973198416001633
		endloop
	endfacet
	facet normal 0.4194012966623572 -0.09749533477665386 0.902550393083246
		outer loop
			vertex 0.07648887744330576 1.35958284379449 -0.04935031936547848
			vertex 0.009400508765767496 1.3804370076886783 -0.015922676171387935
			vertex 0.009826371947125368 1.3605792847305587 -0.01826563999298933
		endloop
	endfacet
	facet normal -0.4194012966623572 0.09749533477665386 -0.902550393083246
		outer loop
			vertex 0.009826371947125368 1.3605792847305587 -0.01826563999298933
			vertex 0.009400508765767496 1.3804370076886783 -0.015922676171387935
			vertex 0.07648887744330576 1.35958284379449 -0.04935031936547848
		endloop
	endfacet
	facet normal -0.29562840019825554 0.10568205087364685 -0.9494393888602686
		outer loop
			vertex 0.009826371947125368 1.3605792847305587 -0.01826563999298933
			vertex 0.009400508765767496 1.3804370076886783 -0.015922676171387935
			vertex 0.08364650179380809 1.334387579332288 -0.044166524578039025
		endloop
	endfacet
	facet normal 0.29562840019825554 -0.10568205087364685 0.9494393888602686
		outer loop
			vertex 0.08364650179380809 1.334387579332288 -0.044166524578039025
			vertex 0.009400508765767496 1.3804370076886783 -0.015922676171387935
			vertex 0.009826371947125368 1.3605792847305587 -0.01826563999298933
		endloop
	endfacet
	facet normal -0.22323841146885057 0.22219070118112502 -0.9491026835666962
		outer loop
			vertex 0.009400508765767496 1.3804370076886783 -0.015922676171387935
			vertex 0.09107080149904513 1.3527812519388398 -0.041606723427598656
			vertex 0.08364650179380809 1.334387579332288 -0.044166524578039025
		endloop
	endfacet
	facet normal 0.22323841146885057 -0.22219070118112502 0.9491026835666962
		outer loop
			vertex 0.08364650179380809 1.334387579332288 -0.044166524578039025
			vertex 0.09107080149904513 1.3527812519388398 -0.041606723427598656
			vertex 0.009400508765767496 1.3804370076886783 -0.015922676171387935
		endloop
	endfacet
	facet normal 0.9195647020836553 -0.3449889125270369 -0.18810478174467313
		outer loop
			vertex 0.08364650179380809 1.334387579332288 -0.044166524578039025
			vertex 0.09107080149904513 1.3527812519388398 -0.041606723427598656
			vertex 0.08827375458341974 1.3276528533955232 -0.009194186028100121
		endloop
	endfacet
	facet normal -0.9195647020836553 0.3449889125270369 0.18810478174467313
		outer loop
			vertex 0.08827375458341974 1.3276528533955232 -0.009194186028100121
			vertex 0.09107080149904513 1.3527812519388398 -0.041606723427598656
			vertex 0.08364650179380809 1.334387579332288 -0.044166524578039025
		endloop
	endfacet
	facet normal 0.9237188687410873 -0.3372228886414264 -0.18172554830848117
		outer loop
			vertex 0.09107080149904513 1.3527812519388398 -0.041606723427598656
			vertex 0.09559740709747654 1.3459852106121597 -0.005986571223454089
			vertex 0.08827375458341974 1.3276528533955232 -0.009194186028100121
		endloop
	endfacet
	facet normal -0.9237188687410873 0.3372228886414264 0.18172554830848117
		outer loop
			vertex 0.08827375458341974 1.3276528533955232 -0.009194186028100121
			vertex 0.09559740709747654 1.3459852106121597 -0.005986571223454089
			vertex 0.09107080149904513 1.3527812519388398 -0.041606723427598656
		endloop
	endfacet
	facet normal 0.8938661768261708 -0.298574851576104 -0.33444927258475593
		outer loop
			vertex 0.08827375458341974 1.3276528533955232 -0.009194186028100121
			vertex 0.09559740709747654 1.3459852106121597 -0.005986571223454089
			vertex 0.11050886108297982 1.301368349150767 0.07369761211354038
		endloop
	endfacet
	facet normal -0.8938661768261708 0.298574851576104 0.33444927258475593
		outer loop
			vertex 0.11050886108297982 1.301368349150767 0.07369761211354038
			vertex 0.09559740709747654 1.3459852106121597 -0.005986571223454089
			vertex 0.08827375458341974 1.3276528533955232 -0.009194186028100121
		endloop
	endfacet
	facet normal 0.8999458190121808 -0.28638176627718576 -0.3287598010500292
		outer loop
			vertex 0.09559740709747654 1.3459852106121597 -0.005986571223454089
			vertex 0.11772392844601558 1.3196195209037653 0.07754956390314062
			vertex 0.11050886108297982 1.301368349150767 0.07369761211354038
		endloop
	endfacet
	facet normal -0.8999458190121808 0.28638176627718576 0.3287598010500292
		outer loop
			vertex 0.11050886108297982 1.301368349150767 0.07369761211354038
			vertex 0.11772392844601558 1.3196195209037653 0.07754956390314062
			vertex 0.09559740709747654 1.3459852106121597 -0.005986571223454089
		endloop
	endfacet
	facet normal -0.6412283057693976 0.09272663372841358 0.7617270057425461
		outer loop
			vertex 0.11050886108297982 1.301368349150767 0.07369761211354038
			vertex 0.11772392844601558 1.3196195209037653 0.07754956390314062
			vertex 0.009826371947125368 1.3605792847305587 -0.01826563999298933
		endloop
	endfacet
	facet normal 0.6412283057693976 -0.09272663372841358 -0.7617270057425461
		outer loop
			vertex 0.009826371947125368 1.3605792847305587 -0.01826563999298933
			vertex 0.11772392844601558 1.3196195209037653 0.07754956390314062
			vertex 0.11050886108297982 1.301368349150767 0.07369761211354038
		endloop
	endfacet
	facet normal -0.6816471037339187 -0.10013538071344753 0.7247966138859463
		outer loop
			vertex 0.11772392844601558 1.3196195209037653 0.07754956390314062
			vertex 0.009400508765767496 1.3804370076886783 -0.015922676171387935
			vertex 0.009826371947125368 1.3605792847305587 -0.01826563999298933
		endloop
	endfacet
	facet normal 0.6816471037339187 0.10013538071344753 -0.7247966138859463
		outer loop
			vertex 0.009826371947125368 1.3605792847305587 -0.01826563999298933
			vertex 0.009400508765767496 1.3804370076886783 -0.015922676171387935
			vertex 0.11772392844601558 1.3196195209037653 0.07754956390314062
		endloop
	endfacet
	facet normal 0.16322344059694238 0.11905500775611255 -0.9793794022583323
		outer loop
			vertex 0.009826371947125368 1.3605792847305587 -0.01826563999298933
			vertex 0.009400508765767496 1.3804370076886783 -0.015922676171387935
			vertex 0.08827375458341993 1.3276528533955239 -0.009194186028100133
		endloop
	endfacet
	facet normal -0.16322344059694238 -0.11905500775611255 0.9793794022583323
		outer loop
			vertex 0.08827375458341993 1.3276528533955239 -0.009194186028100133
			vertex 0.009400508765767496 1.3804370076886783 -0.015922676171387935
			vertex 0.009826371947125368 1.3605792847305587 -0.01826563999298933
		endloop
	endfacet
	facet normal 0.1567647163501676 0.10912232213248114 -0.9815890904650818
		outer loop
			vertex 0.009400508765767496 1.3804370076886783 -0.015922676171387935
			vertex 0.09559740709747673 1.3459852106121604 -0.005986571223454101
			vertex 0.08827375458341993 1.3276528533955239 -0.009194186028100133
		endloop
	endfacet
	facet normal -0.1567647163501676 -0.10912232213248114 0.9815890904650818
		outer loop
			vertex 0.08827375458341993 1.3276528533955239 -0.009194186028100133
			vertex 0.09559740709747673 1.3459852106121604 -0.005986571223454101
			vertex 0.009400508765767496 1.3804370076886783 -0.015922676171387935
		endloop
	endfacet
	facet normal -0.15890482708450585 -0.10822453763635677 0.9813443357877195
		outer loop
			vertex 0.08827375458341993 1.3276528533955239 -0.009194186028100133
			vertex 0.09559740709747673 1.3459852106121604 -0.005986571223454101
			vertex 0.009826371947125368 1.3605792847305587 -0.01826563999298933
		endloop
	endfacet
	facet normal 0.15890482708450585 0.10822453763635677 -0.9813443357877195
		outer loop
			vertex 0.009826371947125368 1.3605792847305587 -0.01826563999298933
			vertex 0.09559740709747673 1.3459852106121604 -0.005986571223454101
			vertex 0.08827375458341993 1.3276528533955239 -0.009194186028100133
		endloop
	endfacet
	facet normal -0.1605292911278972 -0.1190498320664942 0.9798252314443195
		outer loop
			vertex 0.09559740709747673 1.3459852106121604 -0.005986571223454101
			vertex 0.009400508765767496 1.3804370076886783 -0.015922676171387935
			vertex 0.009826371947125368 1.3605792847305587 -0.01826563999298933
		endloop
	endfacet
	facet normal 0.1605292911278972 0.1190498320664942 -0.9798252314443195
		outer loop
			vertex 0.009826371947125368 1.3605792847305587 -0.01826563999298933
			vertex 0.009400508765767496 1.3804370076886783 -0.015922676171387935
			vertex 0.09559740709747673 1.3459852106121604 -0.005986571223454101
		endloop
	endfacet
	facet normal 0.702038535563669 0.0982753236991001 -0.7053253542411871
		outer loop
			vertex 0.009826371947125368 1.3605792847305587 -0.01826563999298933
			vertex 0.009400508765767496 1.3804370076886783 -0.015922676171387935
			vertex 0.11050886108297982 1.301368349150767 0.07369761211354038
		endloop
	endfacet
	facet normal -0.702038535563669 -0.0982753236991001 0.7053253542411871
		outer loop
			vertex 0.11050886108297982 1.301368349150767 0.07369761211354038
			vertex 0.009400508765767496 1.3804370076886783 -0.015922676171387935
			vertex 0.009826371947125368 1.3605792847305587 -0.01826563999298933
		endloop
	endfacet
	facet normal 0.6240399062484379 -0.08270767205273212 -0.7770029835161887
		outer loop
			vertex 0.009400508765767496 1.3804370076886783 -0.015922676171387935
			vertex 0.11772392844601558 1.3196195209037653 0.07754956390314062
			vertex 0.11050886108297982 1.301368349150767 0.07369761211354038
		endloop
	endfacet
	facet normal -0.6240399062484379 0.08270767205273212 0.7770029835161887
		outer loop
			vertex 0.11050886108297982 1.301368349150767 0.07369761211354038
			vertex 0.11772392844601558 1.3196195209037653 0.07754956390314062
			vertex 0.009400508765767496 1.3804370076886783 -0.015922676171387935
		endloop
	endfacet
	facet normal 0.47377324292104905 -0.3571810654809405 0.8049599994744914
		outer loop
			vertex 0.11050886108297982 1.301368349150767 0.07369761211354038
			vertex 0.11772392844601558 1.3196195209037653 0.07754956390314062
			vertex 0.02147815683173373 1.3234379714256965 0.13589103377953887
		endloop
	endfacet
	facet normal -0.47377324292104905 0.3571810654809405 -0.8049599994744914
		outer loop
			vertex 0.02147815683173373 1.3234379714256965 0.13589103377953887
			vertex 0.11772392844601558 1.3196195209037653 0.07754956390314062
			vertex 0.11050886108297982 1.301368349150767 0.07369761211354038
		endloop
	endfacet
	facet normal 0.49510273728592485 -0.24713617482057093 0.8329447704542245
		outer loop
			vertex 0.11772392844601558 1.3196195209037653 0.07754956390314062
			vertex 0.023560654922171985 1.342811176182886 0.14040125984253482
			vertex 0.02147815683173373 1.3234379714256965 0.13589103377953887
		endloop
	endfacet
	facet normal -0.49510273728592485 0.24713617482057093 -0.8329447704542245
		outer loop
			vertex 0.02147815683173373 1.3234379714256965 0.13589103377953887
			vertex 0.023560654922171985 1.342811176182886 0.14040125984253482
			vertex 0.11772392844601558 1.3196195209037653 0.07754956390314062
		endloop
	endfacet
	facet normal -0.9922930592937577 0.08586654934749174 0.08933879437618505
		outer loop
			vertex 0.02147815683173373 1.3234379714256965 0.13589103377953887
			vertex 0.023560654922171985 1.342811176182886 0.14040125984253482
			vertex 0.004877970235449507 1.3561750134163915 -0.07995323531661255
		endloop
	endfacet
	facet normal 0.9922930592937577 -0.08586654934749174 -0.08933879437618505
		outer loop
			vertex 0.004877970235449507 1.3561750134163915 -0.07995323531661255
			vertex 0.023560654922171985 1.342811176182886 0.14040125984253482
			vertex 0.02147815683173373 1.3234379714256965 0.13589103377953887
		endloop
	endfacet
	facet normal -0.9962689037108537 0.0132882415038837 0.08527422902910516
		outer loop
			vertex 0.023560654922171985 1.342811176182886 0.14040125984253482
			vertex 0.005021149241210979 1.3761229026918933 -0.08138892791067188
			vertex 0.004877970235449507 1.3561750134163915 -0.07995323531661255
		endloop
	endfacet
	facet normal 0.9962689037108537 -0.0132882415038837 -0.08527422902910516
		outer loop
			vertex 0.004877970235449507 1.3561750134163915 -0.07995323531661255
			vertex 0.005021149241210979 1.3761229026918933 -0.08138892791067188
			vertex 0.023560654922171985 1.342811176182886 0.14040125984253482
		endloop
	endfacet
	facet normal 0.4063457751372731 -0.06849393436277057 -0.9111485564843954
		outer loop
			vertex 0.004877970235449507 1.3561750134163915 -0.07995323531661255
			vertex 0.005021149241210979 1.3761229026918933 -0.08138892791067188
			vertex 0.07002766971547005 1.3406591251672644 -0.04973198416001619
		endloop
	endfacet
	facet normal -0.4063457751372731 0.06849393436277057 0.9111485564843954
		outer loop
			vertex 0.07002766971547005 1.3406591251672644 -0.04973198416001619
			vertex 0.005021149241210979 1.3761229026918933 -0.08138892791067188
			vertex 0.004877970235449507 1.3561750134163915 -0.07995323531661255
		endloop
	endfacet
	facet normal 0.38459651414754015 -0.11283675844534195 -0.9161623149033739
		outer loop
			vertex 0.005021149241210979 1.3761229026918933 -0.08138892791067188
			vertex 0.07648887744330556 1.359582843794489 -0.04935031936547833
			vertex 0.07002766971547005 1.3406591251672644 -0.04973198416001619
		endloop
	endfacet
	facet normal -0.38459651414754015 0.11283675844534195 0.9161623149033739
		outer loop
			vertex 0.07002766971547005 1.3406591251672644 -0.04973198416001619
			vertex 0.07648887744330556 1.359582843794489 -0.04935031936547833
			vertex 0.005021149241210979 1.3761229026918933 -0.08138892791067188
		endloop
	endfacet
	facet normal 0.41521568212788906 -0.15983133551733703 0.8955723764731784
		outer loop
			vertex 0.07002766971547005 1.3406591251672644 -0.04973198416001619
			vertex 0.07648887744330556 1.359582843794489 -0.04935031936547833
			vertex 0.009826371947125368 1.3605792847305587 -0.01826563999298933
		endloop
	endfacet
	facet normal -0.41521568212788906 0.15983133551733703 -0.8955723764731784
		outer loop
			vertex 0.009826371947125368 1.3605792847305587 -0.01826563999298933
			vertex 0.07648887744330556 1.359582843794489 -0.04935031936547833
			vertex 0.07002766971547005 1.3406591251672644 -0.04973198416001619
		endloop
	endfacet
	facet normal 0.4194012966623555 -0.09749533477665397 0.9025503930832468
		outer loop
			vertex 0.07648887744330556 1.359582843794489 -0.04935031936547833
			vertex 0.009400508765767496 1.3804370076886783 -0.015922676171387935
			vertex 0.009826371947125368 1.3605792847305587 -0.01826563999298933
		endloop
	endfacet
	facet normal -0.4194012966623555 0.09749533477665397 -0.9025503930832468
		outer loop
			vertex 0.009826371947125368 1.3605792847305587 -0.01826563999298933
			vertex 0.009400508765767496 1.3804370076886783 -0.015922676171387935
			vertex 0.07648887744330556 1.359582843794489 -0.04935031936547833
		endloop
	endfacet
	facet normal 0.9972315777040779 0.029442669631481306 -0.0682811074515286
		outer loop
			vertex 0.009826371947125368 1.3605792847305587 -0.01826563999298933
			vertex 0.009400508765767496 1.3804370076886783 -0.015922676171387935
			vertex 0.021478156831733847 1.323437971425698 0.1358910337795397
		endloop
	endfacet
	facet normal -0.9972315777040779 -0.029442669631481306 0.0682811074515286
		outer loop
			vertex 0.021478156831733847 1.323437971425698 0.1358910337795397
			vertex 0.009400508765767496 1.3804370076886783 -0.015922676171387935
			vertex 0.009826371947125368 1.3605792847305587 -0.01826563999298933
		endloop
	endfacet
	facet normal 0.990703586569019 -0.08106010779830074 -0.1092504575871892
		outer loop
			vertex 0.009400508765767496 1.3804370076886783 -0.015922676171387935
			vertex 0.023560654922172103 1.3428111761828876 0.14040125984253565
			vertex 0.021478156831733847 1.323437971425698 0.1358910337795397
		endloop
	endfacet
	facet normal -0.990703586569019 0.08106010779830074 0.1092504575871892
		outer loop
			vertex 0.021478156831733847 1.323437971425698 0.1358910337795397
			vertex 0.023560654922172103 1.3428111761828876 0.14040125984253565
			vertex 0.009400508765767496 1.3804370076886783 -0.015922676171387935
		endloop
	endfacet
	facet normal -0.023775536235339095 -0.22425470826381788 0.974240498900673
		outer loop
			vertex 0.021478156831733847 1.323437971425698 0.1358910337795397
			vertex 0.023560654922172103 1.3428111761828876 0.14040125984253565
			vertex -0.0061399350984772914 1.3192414476875693 0.1342510638194972
		endloop
	endfacet
	facet normal 0.023775536235339095 0.22425470826381788 -0.974240498900673
		outer loop
			vertex -0.0061399350984772914 1.3192414476875693 0.1342510638194972
			vertex 0.023560654922172103 1.3428111761828876 0.14040125984253565
			vertex 0.021478156831733847 1.323437971425698 0.1358910337795397
		endloop
	endfacet
	facet normal -0.011641713251216346 -0.23870499874174173 0.9710223447935077
		outer loop
			vertex 0.023560654922172103 1.3428111761828876 0.14040125984253565
			vertex -0.011250339624209935 1.338032594778508 0.13880919464145408
			vertex -0.0061399350984772914 1.3192414476875693 0.1342510638194972
		endloop
	endfacet
	facet normal 0.011641713251216346 0.23870499874174173 -0.9710223447935077
		outer loop
			vertex -0.0061399350984772914 1.3192414476875693 0.1342510638194972
			vertex -0.011250339624209935 1.338032594778508 0.13880919464145408
			vertex 0.023560654922172103 1.3428111761828876 0.14040125984253565
		endloop
	endfacet
	facet normal -0.9615630416863895 -0.2224617290956057 -0.16095743521382422
		outer loop
			vertex -0.0061399350984772914 1.3192414476875693 0.1342510638194972
			vertex -0.011250339624209935 1.338032594778508 0.13880919464145408
			vertex 0.009826371947125368 1.3605792847305587 -0.01826563999298933
		endloop
	endfacet
	facet normal 0.9615630416863895 0.2224617290956057 0.16095743521382422
		outer loop
			vertex 0.009826371947125368 1.3605792847305587 -0.01826563999298933
			vertex -0.011250339624209935 1.338032594778508 0.13880919464145408
			vertex -0.0061399350984772914 1.3192414476875693 0.1342510638194972
		endloop
	endfacet
	facet normal -0.9909986480708076 -0.005470661248007264 -0.13376005153760004
		outer loop
			vertex -0.011250339624209935 1.338032594778508 0.13880919464145408
			vertex 0.009400508765767496 1.3804370076886783 -0.015922676171387935
			vertex 0.009826371947125368 1.3605792847305587 -0.01826563999298933
		endloop
	endfacet
	facet normal 0.9909986480708076 0.005470661248007264 0.13376005153760004
		outer loop
			vertex 0.009826371947125368 1.3605792847305587 -0.01826563999298933
			vertex 0.009400508765767496 1.3804370076886783 -0.015922676171387935
			vertex -0.011250339624209935 1.338032594778508 0.13880919464145408
		endloop
	endfacet
	facet normal 0.9942782254428484 0.008761889255243979 0.10646144704492443
		outer loop
			vertex 0.009826371947125368 1.3605792847305587 -0.01826563999298933
			vertex 0.009400508765767496 1.3804370076886783 -0.015922676171387935
			vertex -0.0061399350984772914 1.3192414476875693 0.1342510638194972
		endloop
	endfacet
	facet normal -0.9942782254428484 -0.008761889255243979 -0.10646144704492443
		outer loop
			vertex -0.0061399350984772914 1.3192414476875693 0.1342510638194972
			vertex 0.009400508765767496 1.3804370076886783 -0.015922676171387935
			vertex 0.009826371947125368 1.3605792847305587 -0.01826563999298933
		endloop
	endfacet
	facet normal 0.9584843720719913 0.2153240687289589 0.18693114753771511
		outer loop
			vertex 0.009400508765767496 1.3804370076886783 -0.015922676171387935
			vertex -0.011250339624209935 1.338032594778508 0.13880919464145408
			vertex -0.0061399350984772914 1.3192414476875693 0.1342510638194972
		endloop
	endfacet
	facet normal -0.9584843720719913 -0.2153240687289589 -0.18693114753771511
		outer loop
			vertex -0.0061399350984772914 1.3192414476875693 0.1342510638194972
			vertex -0.011250339624209935 1.338032594778508 0.13880919464145408
			vertex 0.009400508765767496 1.3804370076886783 -0.015922676171387935
		endloop
	endfacet
	facet normal 0.02098592506203727 0.2410665665552279 -0.970281660879234
		outer loop
			vertex -0.0061399350984772914 1.3192414476875693 0.1342510638194972
			vertex -0.011250339624209935 1.338032594778508 0.13880919464145408
			vertex 0.021478156831733847 1.323437971425698 0.1358910337795397
		endloop
	endfacet
	facet normal -0.02098592506203727 -0.2410665665552279 0.970281660879234
		outer loop
			vertex 0.021478156831733847 1.323437971425698 0.1358910337795397
			vertex -0.011250339624209935 1.338032594778508 0.13880919464145408
			vertex -0.0061399350984772914 1.3192414476875693 0.1342510638194972
		endloop
	endfacet
	facet normal 0.013621947022306239 0.22533357070197824 -0.974186442357939
		outer loop
			vertex -0.011250339624209935 1.338032594778508 0.13880919464145408
			vertex 0.023560654922172103 1.3428111761828876 0.14040125984253565
			vertex 0.021478156831733847 1.323437971425698 0.1358910337795397
		endloop
	endfacet
	facet normal -0.013621947022306239 -0.22533357070197824 0.974186442357939
		outer loop
			vertex 0.021478156831733847 1.323437971425698 0.1358910337795397
			vertex 0.023560654922172103 1.3428111761828876 0.14040125984253565
			vertex -0.011250339624209935 1.338032594778508 0.13880919464145408
		endloop
	endfacet
	facet normal 0.6292328108434043 -0.23975604962969532 0.7393125904677071
		outer loop
			vertex 0.021478156831733847 1.323437971425698 0.1358910337795397
			vertex 0.023560654922172103 1.3428111761828876 0.14040125984253565
			vertex 0.01391147447541621 1.3207614752671184 0.14146309993276013
		endloop
	endfacet
	facet normal -0.6292328108434043 0.23975604962969532 -0.7393125904677071
		outer loop
			vertex 0.01391147447541621 1.3207614752671184 0.14146309993276013
			vertex 0.023560654922172103 1.3428111761828876 0.14040125984253565
			vertex 0.021478156831733847 1.323437971425698 0.1358910337795397
		endloop
	endfacet
	facet normal 0.3385085463208872 -0.10309402562574944 0.9352986613633086
		outer loop
			vertex 0.023560654922172103 1.3428111761828876 0.14040125984253565
			vertex 0.013485611294058338 1.340619198225238 0.14380606375436153
			vertex 0.01391147447541621 1.3207614752671184 0.14146309993276013
		endloop
	endfacet
	facet normal -0.3385085463208872 0.10309402562574944 -0.9352986613633086
		outer loop
			vertex 0.01391147447541621 1.3207614752671184 0.14146309993276013
			vertex 0.013485611294058338 1.340619198225238 0.14380606375436153
			vertex 0.023560654922172103 1.3428111761828876 0.14040125984253565
		endloop
	endfacet
	facet normal -0.9995248828629072 -0.023753025207063842 0.019641851526883188
		outer loop
			vertex 0.01391147447541621 1.3207614752671184 0.14146309993276013
			vertex 0.013485611294058338 1.340619198225238 0.14380606375436153
			vertex 0.009826371947125368 1.3605792847305587 -0.01826563999298933
		endloop
	endfacet
	facet normal 0.9995248828629072 0.023753025207063842 -0.019641851526883188
		outer loop
			vertex 0.009826371947125368 1.3605792847305587 -0.01826563999298933
			vertex 0.013485611294058338 1.340619198225238 0.14380606375436153
			vertex 0.01391147447541621 1.3207614752671184 0.14146309993276013
		endloop
	endfacet
	facet normal -0.9995248828629073 -0.023753025207063835 0.01964185152688319
		outer loop
			vertex 0.013485611294058338 1.340619198225238 0.14380606375436153
			vertex 0.009400508765767496 1.3804370076886783 -0.015922676171387935
			vertex 0.009826371947125368 1.3605792847305587 -0.01826563999298933
		endloop
	endfacet
	facet normal 0.9995248828629073 0.023753025207063835 -0.01964185152688319
		outer loop
			vertex 0.009826371947125368 1.3605792847305587 -0.01826563999298933
			vertex 0.009400508765767496 1.3804370076886783 -0.015922676171387935
			vertex 0.013485611294058338 1.340619198225238 0.14380606375436153
		endloop
	endfacet
	facet normal 0.6786898111821564 -0.07168425347253654 0.7309182635572969
		outer loop
			vertex 0.009826371947125368 1.3605792847305587 -0.01826563999298933
			vertex 0.009400508765767496 1.3804370076886783 -0.015922676171387935
			vertex -0.1214192570877954 1.2840284462836493 0.09609404377605336
		endloop
	endfacet
	facet normal -0.6786898111821564 0.07168425347253654 -0.7309182635572969
		outer loop
			vertex -0.1214192570877954 1.2840284462836493 0.09609404377605336
			vertex 0.009400508765767496 1.3804370076886783 -0.015922676171387935
			vertex 0.009826371947125368 1.3605792847305587 -0.01826563999298933
		endloop
	endfacet
	facet normal 0.6290918855535181 0.047831912381922 0.7758579172043084
		outer loop
			vertex 0.009400508765767496 1.3804370076886783 -0.015922676171387935
			vertex -0.1293212056998443 1.3016132191781395 0.10141710402197728
			vertex -0.1214192570877954 1.2840284462836493 0.09609404377605336
		endloop
	endfacet
	facet normal -0.6290918855535181 -0.047831912381922 -0.7758579172043084
		outer loop
			vertex -0.1214192570877954 1.2840284462836493 0.09609404377605336
			vertex -0.1293212056998443 1.3016132191781395 0.10141710402197728
			vertex 0.009400508765767496 1.3804370076886783 -0.015922676171387935
		endloop
	endfacet
	facet normal -0.8683842755746107 -0.4519784906003786 0.20402008226976587
		outer loop
			vertex -0.1214192570877954 1.2840284462836493 0.09609404377605336
			vertex -0.1293212056998443 1.3016132191781395 0.10141710402197728
			vertex -0.13911308301540537 1.2910681710680194 0.036378177119849045
		endloop
	endfacet
	facet normal 0.8683842755746107 0.4519784906003786 -0.20402008226976587
		outer loop
			vertex -0.13911308301540537 1.2910681710680194 0.036378177119849045
			vertex -0.1293212056998443 1.3016132191781395 0.10141710402197728
			vertex -0.1214192570877954 1.2840284462836493 0.09609404377605336
		endloop
	endfacet
	facet normal -0.8972890699201099 -0.39405473235447286 0.19898038323148617
		outer loop
			vertex -0.1293212056998443 1.3016132191781395 0.10141710402197728
			vertex -0.14638171537402594 1.309373777223069 0.03985262195772198
			vertex -0.13911308301540537 1.2910681710680194 0.036378177119849045
		endloop
	endfacet
	facet normal 0.8972890699201099 0.39405473235447286 -0.19898038323148617
		outer loop
			vertex -0.13911308301540537 1.2910681710680194 0.036378177119849045
			vertex -0.14638171537402594 1.309373777223069 0.03985262195772198
			vertex -0.1293212056998443 1.3016132191781395 0.10141710402197728
		endloop
	endfacet
	facet normal -0.35847279182642666 0.034726086955362064 -0.9328940756618278
		outer loop
			vertex -0.13911308301540537 1.2910681710680194 0.036378177119849045
			vertex -0.14638171537402594 1.309373777223069 0.03985262195772198
			vertex 0.009826371947125368 1.3605792847305587 -0.01826563999298933
		endloop
	endfacet
	facet normal 0.35847279182642666 -0.034726086955362064 0.9328940756618278
		outer loop
			vertex 0.009826371947125368 1.3605792847305587 -0.01826563999298933
			vertex -0.14638171537402594 1.309373777223069 0.03985262195772198
			vertex -0.13911308301540537 1.2910681710680194 0.036378177119849045
		endloop
	endfacet
	facet normal -0.3757437940421448 0.10063710305967483 -0.9212430595269474
		outer loop
			vertex -0.14638171537402594 1.309373777223069 0.03985262195772198
			vertex 0.009400508765767496 1.3804370076886783 -0.015922676171387935
			vertex 0.009826371947125368 1.3605792847305587 -0.01826563999298933
		endloop
	endfacet
	facet normal 0.3757437940421448 -0.10063710305967483 0.9212430595269474
		outer loop
			vertex 0.009826371947125368 1.3605792847305587 -0.01826563999298933
			vertex 0.009400508765767496 1.3804370076886783 -0.015922676171387935
			vertex -0.14638171537402594 1.309373777223069 0.03985262195772198
		endloop
	endfacet
	facet normal 0.687766638468141 -0.0704964302748662 0.7225007296388942
		outer loop
			vertex 0.009826371947125368 1.3605792847305587 -0.01826563999298933
			vertex 0.009400508765767496 1.3804370076886783 -0.015922676171387935
			vertex -0.11976382348715969 1.2843007842994552 0.09765182232848611
		endloop
	endfacet
	facet normal -0.687766638468141 0.0704964302748662 -0.7225007296388942
		outer loop
			vertex -0.11976382348715969 1.2843007842994552 0.09765182232848611
			vertex 0.009400508765767496 1.3804370076886783 -0.015922676171387935
			vertex 0.009826371947125368 1.3605792847305587 -0.01826563999298933
		endloop
	endfacet
	facet normal 0.6367400747629672 0.05327323411346192 0.7692360104141922
		outer loop
			vertex 0.009400508765767496 1.3804370076886783 -0.015922676171387935
			vertex -0.1276657720992086 1.3018855571939454 0.10297488257441002
			vertex -0.11976382348715969 1.2843007842994552 0.09765182232848611
		endloop
	endfacet
	facet normal -0.6367400747629672 -0.05327323411346192 -0.7692360104141922
		outer loop
			vertex -0.11976382348715969 1.2843007842994552 0.09765182232848611
			vertex -0.1276657720992086 1.3018855571939454 0.10297488257441002
			vertex 0.009400508765767496 1.3804370076886783 -0.015922676171387935
		endloop
	endfacet
	facet normal -0.5666033457960742 -0.46129028315207515 0.6827678399003375
		outer loop
			vertex -0.11976382348715969 1.2843007842994552 0.09765182232848611
			vertex -0.1276657720992086 1.3018855571939454 0.10297488257441002
			vertex -0.1214192570877954 1.2840284462836493 0.09609404377605336
		endloop
	endfacet
	facet normal 0.5666033457960742 0.46129028315207515 -0.6827678399003375
		outer loop
			vertex -0.1214192570877954 1.2840284462836493 0.09609404377605336
			vertex -0.1276657720992086 1.3018855571939454 0.10297488257441002
			vertex -0.11976382348715969 1.2843007842994552 0.09765182232848611
		endloop
	endfacet
	facet normal -0.5666033457960765 -0.4612902831520751 0.6827678399003355
		outer loop
			vertex -0.1276657720992086 1.3018855571939454 0.10297488257441002
			vertex -0.1293212056998443 1.3016132191781395 0.10141710402197728
			vertex -0.1214192570877954 1.2840284462836493 0.09609404377605336
		endloop
	endfacet
	facet normal 0.5666033457960765 0.4612902831520751 -0.6827678399003355
		outer loop
			vertex -0.1214192570877954 1.2840284462836493 0.09609404377605336
			vertex -0.1293212056998443 1.3016132191781395 0.10141710402197728
			vertex -0.1276657720992086 1.3018855571939454 0.10297488257441002
		endloop
	endfacet
	facet normal 0.5666033457960743 0.46129028315207493 -0.6827678399003376
		outer loop
			vertex -0.1214192570877954 1.2840284462836493 0.09609404377605336
			vertex -0.1293212056998443 1.3016132191781395 0.10141710402197728
			vertex -0.11976382348715969 1.2843007842994552 0.09765182232848611
		endloop
	endfacet
	facet normal -0.5666033457960743 -0.46129028315207493 0.6827678399003376
		outer loop
			vertex -0.11976382348715969 1.2843007842994552 0.09765182232848611
			vertex -0.1293212056998443 1.3016132191781395 0.10141710402197728
			vertex -0.1214192570877954 1.2840284462836493 0.09609404377605336
		endloop
	endfacet
	facet normal 0.5666033457960764 0.4612902831520755 -0.6827678399003355
		outer loop
			vertex -0.1293212056998443 1.3016132191781395 0.10141710402197728
			vertex -0.1276657720992086 1.3018855571939454 0.10297488257441002
			vertex -0.11976382348715969 1.2843007842994552 0.09765182232848611
		endloop
	endfacet
	facet normal -0.5666033457960764 -0.4612902831520755 0.6827678399003355
		outer loop
			vertex -0.11976382348715969 1.2843007842994552 0.09765182232848611
			vertex -0.1276657720992086 1.3018855571939454 0.10297488257441002
			vertex -0.1293212056998443 1.3016132191781395 0.10141710402197728
		endloop
	endfacet
	facet normal -0.6457380436360569 -0.05974366374168636 -0.7612181511523477
		outer loop
			vertex -0.11976382348715969 1.2843007842994552 0.09765182232848611
			vertex -0.1276657720992086 1.3018855571939454 0.10297488257441002
			vertex 0.009826371947125368 1.3605792847305587 -0.01826563999298933
		endloop
