solid exported
	facet normal 0 0 0
		outer loop
			vertex -0.04758 0.31824 -0.14273
			vertex -0.0550315 0.3676815 -0.14273
			vertex -0.04496 0.31864 -0.14494
		endloop
	endfacet
	facet normal 0 0 0
		outer loop
			vertex -0.04496 0.31864 -0.14494
			vertex -0.0550315 0.3676815 -0.14273
			vertex -0.04758 0.31824 -0.14273
		endloop
	endfacet
	facet normal 0 0 0
		outer loop
			vertex -0.0550315 0.3676815 -0.14273
			vertex -0.0524115 0.36808149999999995 -0.14494
			vertex -0.04496 0.31864 -0.14494
		endloop
	endfacet
	facet normal 0 0 0
		outer loop
			vertex -0.04496 0.31864 -0.14494
			vertex -0.0524115 0.36808149999999995 -0.14494
			vertex -0.0550315 0.3676815 -0.14273
		endloop
	endfacet
	facet normal 0 0 0
		outer loop
			vertex -0.04496 0.31864 -0.14494
			vertex -0.0524115 0.36808149999999995 -0.14494
			vertex -0.04266 0.31899 -0.14555
		endloop
	endfacet
	facet normal 0 0 0
		outer loop
			vertex -0.04266 0.31899 -0.14555
			vertex -0.0524115 0.36808149999999995 -0.14494
			vertex -0.04496 0.31864 -0.14494
		endloop
	endfacet
	facet normal 0 0 0
		outer loop
			vertex -0.0524115 0.36808149999999995 -0.14494
			vertex -0.050116999999999995 0.368431 -0.14554950000000003
			vertex -0.04266 0.31899 -0.14555
		endloop
	endfacet
	facet normal 0 0 0
		outer loop
			vertex -0.04266 0.31899 -0.14555
			vertex -0.050116999999999995 0.368431 -0.14554950000000003
			vertex -0.0524115 0.36808149999999995 -0.14494
		endloop
	endfacet
	facet normal 0 0 0
		outer loop
			vertex -0.04266 0.31899 -0.14555
			vertex -0.050116999999999995 0.368431 -0.14554950000000003
			vertex 0.00479 0.3218 -0.1527
		endloop
	endfacet
	facet normal 0 0 0
		outer loop
			vertex 0.00479 0.3218 -0.1527
			vertex -0.050116999999999995 0.368431 -0.14554950000000003
			vertex -0.04266 0.31899 -0.14555
		endloop
	endfacet
	facet normal 0 0 0
		outer loop
			vertex -0.050116999999999995 0.368431 -0.14554950000000003
			vertex 0.00479 0.37179999999999996 -0.1527
			vertex 0.00479 0.3218 -0.1527
		endloop
	endfacet
	facet normal 0 0 0
		outer loop
			vertex 0.00479 0.3218 -0.1527
			vertex 0.00479 0.37179999999999996 -0.1527
			vertex -0.050116999999999995 0.368431 -0.14554950000000003
		endloop
	endfacet
	facet normal 0 0 0
		outer loop
			vertex 0.00479 0.3218 -0.1527
			vertex 0.00479 0.37179999999999996 -0.1527
			vertex 0.02631 0.32077 -0.19617
		endloop
	endfacet
	facet normal 0 0 0
		outer loop
			vertex 0.02631 0.32077 -0.19617
			vertex 0.00479 0.37179999999999996 -0.1527
			vertex 0.00479 0.3218 -0.1527
		endloop
	endfacet
	facet normal 0 0 0
		outer loop
			vertex 0.00479 0.37179999999999996 -0.1527
			vertex 0.0312835 0.370522 -0.19617
			vertex 0.02631 0.32077 -0.19617
		endloop
	endfacet
	facet normal 0 0 0
		outer loop
			vertex 0.02631 0.32077 -0.19617
			vertex 0.0312835 0.370522 -0.19617
			vertex 0.00479 0.37179999999999996 -0.1527
		endloop
	endfacet
	facet normal 0 0 0
		outer loop
			vertex 0.02631 0.32077 -0.19617
			vertex 0.0312835 0.370522 -0.19617
			vertex 0.02725 0.32 -0.19689
		endloop
	endfacet
	facet normal 0 0 0
		outer loop
			vertex 0.02725 0.32 -0.19689
			vertex 0.0312835 0.370522 -0.19617
			vertex 0.02631 0.32077 -0.19617
		endloop
	endfacet
	facet normal 0 0 0
		outer loop
			vertex 0.0312835 0.370522 -0.19617
			vertex 0.0322275 0.3697515 -0.19689
			vertex 0.02725 0.32 -0.19689
		endloop
	endfacet
	facet normal 0 0 0
		outer loop
			vertex 0.02725 0.32 -0.19689
			vertex 0.0322275 0.3697515 -0.19689
			vertex 0.0312835 0.370522 -0.19617
		endloop
	endfacet
	facet normal 0 0 0
		outer loop
			vertex 0.02725 0.32 -0.19689
			vertex 0.0322275 0.3697515 -0.19689
			vertex 0.02961 0.32044 -0.19985
		endloop
	endfacet
	facet normal 0 0 0
		outer loop
			vertex 0.02961 0.32044 -0.19985
			vertex 0.0322275 0.3697515 -0.19689
			vertex 0.02725 0.32 -0.19689
		endloop
	endfacet
	facet normal 0 0 0
		outer loop
			vertex 0.0322275 0.3697515 -0.19689
			vertex 0.0358255 0.370052 -0.19985
			vertex 0.02961 0.32044 -0.19985
		endloop
	endfacet
	facet normal 0 0 0
		outer loop
			vertex 0.02961 0.32044 -0.19985
			vertex 0.0358255 0.370052 -0.19985
			vertex 0.0322275 0.3697515 -0.19689
		endloop
	endfacet
	facet normal 0 0 0
		outer loop
			vertex 0.02961 0.32044 -0.19985
			vertex 0.0358255 0.370052 -0.19985
			vertex 0.03096 0.3203 -0.20009
		endloop
	endfacet
	facet normal 0 0 0
		outer loop
			vertex 0.03096 0.3203 -0.20009
			vertex 0.0358255 0.370052 -0.19985
			vertex 0.02961 0.32044 -0.19985
		endloop
	endfacet
	facet normal 0 0 0
		outer loop
			vertex 0.0358255 0.370052 -0.19985
			vertex 0.0371755 0.36991199999999996 -0.20009
			vertex 0.03096 0.3203 -0.20009
		endloop
	endfacet
	facet normal 0 0 0
		outer loop
			vertex 0.03096 0.3203 -0.20009
			vertex 0.0371755 0.36991199999999996 -0.20009
			vertex 0.0358255 0.370052 -0.19985
		endloop
	endfacet
	facet normal 0 0 0
		outer loop
			vertex 0.03096 0.3203 -0.20009
			vertex 0.0371755 0.36991199999999996 -0.20009
			vertex 0.0323 0.32017 -0.19985
		endloop
	endfacet
	facet normal 0 0 0
		outer loop
			vertex 0.0323 0.32017 -0.19985
			vertex 0.0371755 0.36991199999999996 -0.20009
			vertex 0.03096 0.3203 -0.20009
		endloop
	endfacet
	facet normal 0 0 0
		outer loop
			vertex 0.0371755 0.36991199999999996 -0.20009
			vertex 0.0385155 0.369782 -0.19985
			vertex 0.0323 0.32017 -0.19985
		endloop
	endfacet
	facet normal 0 0 0
		outer loop
			vertex 0.0323 0.32017 -0.19985
			vertex 0.0385155 0.369782 -0.19985
			vertex 0.0371755 0.36991199999999996 -0.20009
		endloop
	endfacet
	facet normal 0 0 0
		outer loop
			vertex 0.0323 0.32017 -0.19985
			vertex 0.0385155 0.369782 -0.19985
			vertex 0.03457 0.31994 -0.19789
		endloop
	endfacet
	facet normal 0 0 0
		outer loop
			vertex 0.03457 0.31994 -0.19789
			vertex 0.0385155 0.369782 -0.19985
			vertex 0.0323 0.32017 -0.19985
		endloop
	endfacet
	facet normal 0 0 0
		outer loop
			vertex 0.0385155 0.369782 -0.19985
			vertex 0.040785499999999995 0.369552 -0.19789
			vertex 0.03457 0.31994 -0.19789
		endloop
	endfacet
	facet normal 0 0 0
		outer loop
			vertex 0.03457 0.31994 -0.19789
			vertex 0.040785499999999995 0.369552 -0.19789
			vertex 0.0385155 0.369782 -0.19985
		endloop
	endfacet
	facet normal 0 0 0
		outer loop
			vertex 0.03457 0.31994 -0.19789
			vertex 0.040785499999999995 0.369552 -0.19789
			vertex 0.03551 0.31985 -0.19618
		endloop
	endfacet
	facet normal 0 0 0
		outer loop
			vertex 0.03551 0.31985 -0.19618
			vertex 0.040785499999999995 0.369552 -0.19789
			vertex 0.03457 0.31994 -0.19789
		endloop
	endfacet
	facet normal 0 0 0
		outer loop
			vertex 0.040785499999999995 0.369552 -0.19789
			vertex 0.0404915 0.369601 -0.19618
			vertex 0.03551 0.31985 -0.19618
		endloop
	endfacet
	facet normal 0 0 0
		outer loop
			vertex 0.03551 0.31985 -0.19618
			vertex 0.0404915 0.369601 -0.19618
			vertex 0.040785499999999995 0.369552 -0.19789
		endloop
	endfacet
	facet normal 0 0 0
		outer loop
			vertex 0.03551 0.31985 -0.19618
			vertex 0.0404915 0.369601 -0.19618
			vertex 0.05626 0.3169 -0.1528
		endloop
	endfacet
	facet normal 0 0 0
		outer loop
			vertex 0.05626 0.3169 -0.1528
			vertex 0.0404915 0.369601 -0.19618
			vertex 0.03551 0.31985 -0.19618
		endloop
	endfacet
	facet normal 0 0 0
		outer loop
			vertex 0.0404915 0.369601 -0.19618
			vertex 0.0661595 0.36591 -0.15280049999999998
			vertex 0.05626 0.3169 -0.1528
		endloop
	endfacet
	facet normal 0 0 0
		outer loop
			vertex 0.05626 0.3169 -0.1528
			vertex 0.0661595 0.36591 -0.15280049999999998
			vertex 0.0404915 0.369601 -0.19618
		endloop
	endfacet
	facet normal 0 0 0
		outer loop
			vertex 0.05626 0.3169 -0.1528
			vertex 0.0661595 0.36591 -0.15280049999999998
			vertex 0.10411 0.30444 -0.14507
		endloop
	endfacet
	facet normal 0 0 0
		outer loop
			vertex 0.10411 0.30444 -0.14507
			vertex 0.0661595 0.36591 -0.15280049999999998
			vertex 0.05626 0.3169 -0.1528
		endloop
	endfacet
	facet normal 0 0 0
		outer loop
			vertex 0.0661595 0.36591 -0.15280049999999998
			vertex 0.121205 0.351427 -0.14507
			vertex 0.10411 0.30444 -0.14507
		endloop
	endfacet
	facet normal 0 0 0
		outer loop
			vertex 0.10411 0.30444 -0.14507
			vertex 0.121205 0.351427 -0.14507
			vertex 0.0661595 0.36591 -0.15280049999999998
		endloop
	endfacet
	facet normal 0 0 0
		outer loop
			vertex 0.10411 0.30444 -0.14507
			vertex 0.121205 0.351427 -0.14507
			vertex 0.10657 0.30354 -0.14283
		endloop
	endfacet
	facet normal 0 0 0
		outer loop
			vertex 0.10657 0.30354 -0.14283
			vertex 0.121205 0.351427 -0.14507
			vertex 0.10411 0.30444 -0.14507
		endloop
	endfacet
	facet normal 0 0 0
		outer loop
			vertex 0.121205 0.351427 -0.14507
			vertex 0.123665 0.350527 -0.14283
			vertex 0.10657 0.30354 -0.14283
		endloop
	endfacet
	facet normal 0 0 0
		outer loop
			vertex 0.10657 0.30354 -0.14283
			vertex 0.123665 0.350527 -0.14283
			vertex 0.121205 0.351427 -0.14507
		endloop
	endfacet
	facet normal 0 0 0
		outer loop
			vertex 0.10657 0.30354 -0.14283
			vertex 0.123665 0.350527 -0.14283
			vertex 0.10687 0.30343 -0.14123
		endloop
	endfacet
	facet normal 0 0 0
		outer loop
			vertex 0.10687 0.30343 -0.14123
			vertex 0.123665 0.350527 -0.14283
			vertex 0.10657 0.30354 -0.14283
		endloop
	endfacet
	facet normal 0 0 0
		outer loop
			vertex 0.123665 0.350527 -0.14283
			vertex 0.123965 0.350417 -0.14123
			vertex 0.10687 0.30343 -0.14123
		endloop
	endfacet
	facet normal 0 0 0
		outer loop
			vertex 0.10687 0.30343 -0.14123
			vertex 0.123965 0.350417 -0.14123
			vertex 0.123665 0.350527 -0.14283
		endloop
	endfacet
	facet normal 0 0 0
		outer loop
			vertex 0.10687 0.30343 -0.14123
			vertex 0.123965 0.350417 -0.14123
			vertex 0.10671 0.30349 -0.14017
		endloop
	endfacet
	facet normal 0 0 0
		outer loop
			vertex 0.10671 0.30349 -0.14017
			vertex 0.123965 0.350417 -0.14123
			vertex 0.10687 0.30343 -0.14123
		endloop
	endfacet
	facet normal 0 0 0
		outer loop
			vertex 0.123965 0.350417 -0.14123
			vertex 0.123805 0.350477 -0.14017
			vertex 0.10671 0.30349 -0.14017
		endloop
	endfacet
	facet normal 0 0 0
		outer loop
			vertex 0.10671 0.30349 -0.14017
			vertex 0.123805 0.350477 -0.14017
			vertex 0.123965 0.350417 -0.14123
		endloop
	endfacet
	facet normal 0 0 0
		outer loop
			vertex 0.10671 0.30349 -0.14017
			vertex 0.123805 0.350477 -0.14017
			vertex 0.10558 0.3039 -0.13789
		endloop
	endfacet
	facet normal 0 0 0
		outer loop
			vertex 0.10558 0.3039 -0.13789
			vertex 0.123805 0.350477 -0.14017
			vertex 0.10671 0.30349 -0.14017
		endloop
	endfacet
	facet normal 0 0 0
		outer loop
			vertex 0.123805 0.350477 -0.14017
			vertex 0.12267499999999999 0.350887 -0.13789
			vertex 0.10558 0.3039 -0.13789
		endloop
	endfacet
	facet normal 0 0 0
		outer loop
			vertex 0.10558 0.3039 -0.13789
			vertex 0.12267499999999999 0.350887 -0.13789
			vertex 0.123805 0.350477 -0.14017
		endloop
	endfacet
	facet normal 0 0 0
		outer loop
			vertex 0.10558 0.3039 -0.13789
			vertex 0.12267499999999999 0.350887 -0.13789
			vertex 0.10461 0.30426 -0.13664
		endloop
	endfacet
	facet normal 0 0 0
		outer loop
			vertex 0.10461 0.30426 -0.13664
			vertex 0.12267499999999999 0.350887 -0.13789
			vertex 0.10558 0.3039 -0.13789
		endloop
	endfacet
	facet normal 0 0 0
		outer loop
			vertex 0.12267499999999999 0.350887 -0.13789
			vertex 0.121705 0.351247 -0.13664
			vertex 0.10461 0.30426 -0.13664
		endloop
	endfacet
	facet normal 0 0 0
		outer loop
			vertex 0.10461 0.30426 -0.13664
			vertex 0.121705 0.351247 -0.13664
			vertex 0.12267499999999999 0.350887 -0.13789
		endloop
	endfacet
	facet normal 0 0 0
		outer loop
			vertex 0.10461 0.30426 -0.13664
			vertex 0.121705 0.351247 -0.13664
			vertex 0.07076 0.31166 -0.10202
		endloop
	endfacet
	facet normal 0 0 0
		outer loop
			vertex 0.07076 0.31166 -0.10202
			vertex 0.121705 0.351247 -0.13664
			vertex 0.10461 0.30426 -0.13664
		endloop
	endfacet
	facet normal 0 0 0
		outer loop
			vertex 0.121705 0.351247 -0.13664
			vertex 0.08189650000000001 0.360404 -0.10202
			vertex 0.07076 0.31166 -0.10202
		endloop
	endfacet
	facet normal 0 0 0
		outer loop
			vertex 0.07076 0.31166 -0.10202
			vertex 0.08189650000000001 0.360404 -0.10202
			vertex 0.121705 0.351247 -0.13664
		endloop
	endfacet
	facet normal 0 0 0
		outer loop
			vertex 0.07076 0.31166 -0.10202
			vertex 0.08189650000000001 0.360404 -0.10202
			vertex 0.07859 0.312 -0.05476
		endloop
	endfacet
	facet normal 0 0 0
		outer loop
			vertex 0.07859 0.312 -0.05476
			vertex 0.08189650000000001 0.360404 -0.10202
			vertex 0.07076 0.31166 -0.10202
		endloop
	endfacet
	facet normal 0 0 0
		outer loop
			vertex 0.08189650000000001 0.360404 -0.10202
			vertex 0.0909285 0.3604535 -0.054760500000000004
			vertex 0.07859 0.312 -0.05476
		endloop
	endfacet
	facet normal 0 0 0
		outer loop
			vertex 0.07859 0.312 -0.05476
			vertex 0.0909285 0.3604535 -0.054760500000000004
			vertex 0.08189650000000001 0.360404 -0.10202
		endloop
	endfacet
	facet normal 0 0 0
		outer loop
			vertex 0.07859 0.312 -0.05476
			vertex 0.0909285 0.3604535 -0.054760500000000004
			vertex 0.07874 0.31196 -0.05318
		endloop
	endfacet
	facet normal 0 0 0
		outer loop
			vertex 0.07874 0.31196 -0.05318
			vertex 0.0909285 0.3604535 -0.054760500000000004
			vertex 0.07859 0.312 -0.05476
		endloop
	endfacet
	facet normal 0 0 0
		outer loop
			vertex 0.0909285 0.3604535 -0.054760500000000004
			vertex 0.0910785 0.3604135 -0.0531805
			vertex 0.07874 0.31196 -0.05318
		endloop
	endfacet
	facet normal 0 0 0
		outer loop
			vertex 0.07874 0.31196 -0.05318
			vertex 0.0910785 0.3604135 -0.0531805
			vertex 0.0909285 0.3604535 -0.054760500000000004
		endloop
	endfacet
	facet normal 0 0 0
		outer loop
			vertex 0.07874 0.31196 -0.05318
			vertex 0.0910785 0.3604135 -0.0531805
			vertex 0.07876 0.31196 -0.05284
		endloop
	endfacet
	facet normal 0 0 0
		outer loop
			vertex 0.07876 0.31196 -0.05284
			vertex 0.0910785 0.3604135 -0.0531805
			vertex 0.07874 0.31196 -0.05318
		endloop
	endfacet
	facet normal 0 0 0
		outer loop
			vertex 0.0910785 0.3604135 -0.0531805
			vertex 0.0910985 0.3604135 -0.0528405
			vertex 0.07876 0.31196 -0.05284
		endloop
	endfacet
	facet normal 0 0 0
		outer loop
			vertex 0.07876 0.31196 -0.05284
			vertex 0.0910985 0.3604135 -0.0528405
			vertex 0.0910785 0.3604135 -0.0531805
		endloop
	endfacet
	facet normal 0 0 0
		outer loop
			vertex 0.07876 0.31196 -0.05284
			vertex 0.0910985 0.3604135 -0.0528405
			vertex 0.07867 0.31198 -0.05186
		endloop
	endfacet
	facet normal 0 0 0
		outer loop
			vertex 0.07867 0.31198 -0.05186
			vertex 0.0910985 0.3604135 -0.0528405
			vertex 0.07876 0.31196 -0.05284
		endloop
	endfacet
	facet normal 0 0 0
		outer loop
			vertex 0.0910985 0.3604135 -0.0528405
			vertex 0.0910085 0.36043349999999996 -0.051860500000000004
			vertex 0.07867 0.31198 -0.05186
		endloop
	endfacet
	facet normal 0 0 0
		outer loop
			vertex 0.07867 0.31198 -0.05186
			vertex 0.0910085 0.36043349999999996 -0.051860500000000004
			vertex 0.0910985 0.3604135 -0.0528405
		endloop
	endfacet
	facet normal 0 0 0
		outer loop
			vertex 0.07867 0.31198 -0.05186
			vertex 0.0910085 0.36043349999999996 -0.051860500000000004
			vertex 0.07818 0.31211 -0.05017
		endloop
	endfacet
	facet normal 0 0 0
		outer loop
			vertex 0.07818 0.31211 -0.05017
			vertex 0.0910085 0.36043349999999996 -0.051860500000000004
			vertex 0.07867 0.31198 -0.05186
		endloop
	endfacet
	facet normal 0 0 0
		outer loop
			vertex 0.0910085 0.36043349999999996 -0.051860500000000004
			vertex 0.0905185 0.3605635 -0.0501705
			vertex 0.07818 0.31211 -0.05017
		endloop
	endfacet
	facet normal 0 0 0
		outer loop
			vertex 0.07818 0.31211 -0.05017
			vertex 0.0905185 0.3605635 -0.0501705
			vertex 0.0910085 0.36043349999999996 -0.051860500000000004
		endloop
	endfacet
	facet normal 0 0 0
		outer loop
			vertex 0.07818 0.31211 -0.05017
			vertex 0.0905185 0.3605635 -0.0501705
			vertex 0.07775 0.31221 -0.04943
		endloop
	endfacet
	facet normal 0 0 0
		outer loop
			vertex 0.07775 0.31221 -0.04943
			vertex 0.0905185 0.3605635 -0.0501705
			vertex 0.07818 0.31211 -0.05017
		endloop
	endfacet
	facet normal 0 0 0
		outer loop
			vertex 0.0905185 0.3605635 -0.0501705
			vertex 0.0900885 0.36066349999999997 -0.0494305
			vertex 0.07775 0.31221 -0.04943
		endloop
	endfacet
	facet normal 0 0 0
		outer loop
			vertex 0.07775 0.31221 -0.04943
			vertex 0.0900885 0.36066349999999997 -0.0494305
			vertex 0.0905185 0.3605635 -0.0501705
		endloop
	endfacet
	facet normal 0 0 0
		outer loop
			vertex 0.07775 0.31221 -0.04943
			vertex 0.0900885 0.36066349999999997 -0.0494305
			vertex 0.07721 0.31235 -0.04883
		endloop
	endfacet
	facet normal 0 0 0
		outer loop
			vertex 0.07721 0.31235 -0.04883
			vertex 0.0900885 0.36066349999999997 -0.0494305
			vertex 0.07775 0.31221 -0.04943
		endloop
	endfacet
	facet normal 0 0 0
		outer loop
			vertex 0.0900885 0.36066349999999997 -0.0494305
			vertex 0.0895485 0.3608035 -0.0488305
			vertex 0.07721 0.31235 -0.04883
		endloop
	endfacet
	facet normal 0 0 0
		outer loop
			vertex 0.07721 0.31235 -0.04883
			vertex 0.0895485 0.3608035 -0.0488305
			vertex 0.0900885 0.36066349999999997 -0.0494305
		endloop
	endfacet
	facet normal 0 0 0
		outer loop
			vertex 0.07721 0.31235 -0.04883
			vertex 0.0895485 0.3608035 -0.0488305
			vertex 0.07577 0.31272 -0.04814
		endloop
	endfacet
	facet normal 0 0 0
		outer loop
			vertex 0.07577 0.31272 -0.04814
			vertex 0.0895485 0.3608035 -0.0488305
			vertex 0.07721 0.31235 -0.04883
		endloop
	endfacet
	facet normal 0 0 0
		outer loop
			vertex 0.0895485 0.3608035 -0.0488305
			vertex 0.0881085 0.3611735 -0.0481405
			vertex 0.07577 0.31272 -0.04814
		endloop
	endfacet
	facet normal 0 0 0
		outer loop
			vertex 0.07577 0.31272 -0.04814
			vertex 0.0881085 0.3611735 -0.0481405
			vertex 0.0895485 0.3608035 -0.0488305
		endloop
	endfacet
	facet normal 0 0 0
		outer loop
			vertex 0.07577 0.31272 -0.04814
			vertex 0.0881085 0.3611735 -0.0481405
			vertex 0.07488 0.31295 -0.04805
		endloop
	endfacet
	facet normal 0 0 0
		outer loop
			vertex 0.07488 0.31295 -0.04805
			vertex 0.0881085 0.3611735 -0.0481405
			vertex 0.07577 0.31272 -0.04814
		endloop
	endfacet
	facet normal 0 0 0
		outer loop
			vertex 0.0881085 0.3611735 -0.0481405
			vertex 0.0872185 0.3614035 -0.0480505
			vertex 0.07488 0.31295 -0.04805
		endloop
	endfacet
	facet normal 0 0 0
		outer loop
			vertex 0.07488 0.31295 -0.04805
			vertex 0.0872185 0.3614035 -0.0480505
			vertex 0.0881085 0.3611735 -0.0481405
		endloop
	endfacet
	facet normal 0 0 0
		outer loop
			vertex 0.07488 0.31295 -0.04805
			vertex 0.0872185 0.3614035 -0.0480505
			vertex 0.07403 0.31316 -0.04813
		endloop
	endfacet
	facet normal 0 0 0
		outer loop
			vertex 0.07403 0.31316 -0.04813
			vertex 0.0872185 0.3614035 -0.0480505
			vertex 0.07488 0.31295 -0.04805
		endloop
	endfacet
	facet normal 0 0 0
		outer loop
			vertex 0.0872185 0.3614035 -0.0480505
			vertex 0.0863685 0.3616135 -0.0481305
			vertex 0.07403 0.31316 -0.04813
		endloop
	endfacet
	facet normal 0 0 0
		outer loop
			vertex 0.07403 0.31316 -0.04813
			vertex 0.0863685 0.3616135 -0.0481305
			vertex 0.0872185 0.3614035 -0.0480505
		endloop
	endfacet
	facet normal 0 0 0
		outer loop
			vertex 0.07403 0.31316 -0.04813
			vertex 0.0863685 0.3616135 -0.0481305
			vertex 0.07222 0.31362 -0.04872
		endloop
	endfacet
	facet normal 0 0 0
		outer loop
			vertex 0.07222 0.31362 -0.04872
			vertex 0.0863685 0.3616135 -0.0481305
			vertex 0.07403 0.31316 -0.04813
		endloop
	endfacet
	facet normal 0 0 0
		outer loop
			vertex 0.0863685 0.3616135 -0.0481305
			vertex 0.08455850000000001 0.3620735 -0.0487205
			vertex 0.07222 0.31362 -0.04872
		endloop
	endfacet
	facet normal 0 0 0
		outer loop
			vertex 0.07222 0.31362 -0.04872
			vertex 0.08455850000000001 0.3620735 -0.0487205
			vertex 0.0863685 0.3616135 -0.0481305
		endloop
	endfacet
	facet normal 0 0 0
		outer loop
			vertex 0.07222 0.31362 -0.04872
			vertex 0.08455850000000001 0.3620735 -0.0487205
			vertex 0.02986 0.32041 -0.07202
		endloop
	endfacet
	facet normal 0 0 0
		outer loop
			vertex 0.02986 0.32041 -0.07202
			vertex 0.08455850000000001 0.3620735 -0.0487205
			vertex 0.07222 0.31362 -0.04872
		endloop
	endfacet
	facet normal 0 0 0
		outer loop
			vertex 0.08455850000000001 0.3620735 -0.0487205
			vertex 0.0360805 0.3700215 -0.07202
			vertex 0.02986 0.32041 -0.07202
		endloop
	endfacet
	facet normal 0 0 0
		outer loop
			vertex 0.02986 0.32041 -0.07202
			vertex 0.0360805 0.3700215 -0.07202
			vertex 0.08455850000000001 0.3620735 -0.0487205
		endloop
	endfacet
	facet normal 0 0 0
		outer loop
			vertex 0.02986 0.32041 -0.07202
			vertex 0.0360805 0.3700215 -0.07202
			vertex -0.01374 0.32151 -0.04881
		endloop
	endfacet
	facet normal 0 0 0
		outer loop
			vertex -0.01374 0.32151 -0.04881
			vertex 0.0360805 0.3700215 -0.07202
			vertex 0.02986 0.32041 -0.07202
		endloop
	endfacet
	facet normal 0 0 0
		outer loop
			vertex 0.0360805 0.3700215 -0.07202
			vertex -0.0149865 0.3714945 -0.04881
			vertex -0.01374 0.32151 -0.04881
		endloop
	endfacet
	facet normal 0 0 0
		outer loop
			vertex -0.01374 0.32151 -0.04881
			vertex -0.0149865 0.3714945 -0.04881
			vertex 0.0360805 0.3700215 -0.07202
		endloop
	endfacet
	facet normal 0 0 0
		outer loop
			vertex -0.01374 0.32151 -0.04881
			vertex -0.0149865 0.3714945 -0.04881
			vertex -0.01564 0.32142 -0.04823
		endloop
	endfacet
	facet normal 0 0 0
		outer loop
			vertex -0.01564 0.32142 -0.04823
			vertex -0.0149865 0.3714945 -0.04881
			vertex -0.01374 0.32151 -0.04881
		endloop
	endfacet
	facet normal 0 0 0
		outer loop
			vertex -0.0149865 0.3714945 -0.04881
			vertex -0.016886500000000002 0.37140449999999997 -0.04823
			vertex -0.01564 0.32142 -0.04823
		endloop
	endfacet
	facet normal 0 0 0
		outer loop
			vertex -0.01564 0.32142 -0.04823
			vertex -0.016886500000000002 0.37140449999999997 -0.04823
			vertex -0.0149865 0.3714945 -0.04881
		endloop
	endfacet
	facet normal 0 0 0
		outer loop
			vertex -0.01564 0.32142 -0.04823
			vertex -0.016886500000000002 0.37140449999999997 -0.04823
			vertex -0.01654 0.32137 -0.04814
		endloop
	endfacet
	facet normal 0 0 0
		outer loop
			vertex -0.01654 0.32137 -0.04814
			vertex -0.016886500000000002 0.37140449999999997 -0.04823
			vertex -0.01564 0.32142 -0.04823
		endloop
	endfacet
	facet normal 0 0 0
		outer loop
			vertex -0.016886500000000002 0.37140449999999997 -0.04823
			vertex -0.0177865 0.3713545 -0.04814
			vertex -0.01654 0.32137 -0.04814
		endloop
	endfacet
	facet normal 0 0 0
		outer loop
			vertex -0.01654 0.32137 -0.04814
			vertex -0.0177865 0.3713545 -0.04814
			vertex -0.016886500000000002 0.37140449999999997 -0.04823
		endloop
	endfacet
	facet normal 0 0 0
		outer loop
			vertex -0.01654 0.32137 -0.04814
			vertex -0.0177865 0.3713545 -0.04814
			vertex -0.01743 0.32133 -0.04824
		endloop
	endfacet
	facet normal 0 0 0
		outer loop
			vertex -0.01743 0.32133 -0.04824
			vertex -0.0177865 0.3713545 -0.04814
			vertex -0.01654 0.32137 -0.04814
		endloop
	endfacet
	facet normal 0 0 0
		outer loop
			vertex -0.0177865 0.3713545 -0.04814
			vertex -0.018676500000000002 0.3713145 -0.04824
			vertex -0.01743 0.32133 -0.04824
		endloop
	endfacet
	facet normal 0 0 0
		outer loop
			vertex -0.01743 0.32133 -0.04824
			vertex -0.018676500000000002 0.3713145 -0.04824
			vertex -0.0177865 0.3713545 -0.04814
		endloop
	endfacet
	facet normal 0 0 0
		outer loop
			vertex -0.01743 0.32133 -0.04824
			vertex -0.018676500000000002 0.3713145 -0.04824
			vertex -0.01887 0.32126 -0.04893
		endloop
	endfacet
	facet normal 0 0 0
		outer loop
			vertex -0.01887 0.32126 -0.04893
			vertex -0.018676500000000002 0.3713145 -0.04824
			vertex -0.01743 0.32133 -0.04824
		endloop
	endfacet
	facet normal 0 0 0
		outer loop
			vertex -0.018676500000000002 0.3713145 -0.04824
			vertex -0.020116500000000002 0.3712445 -0.04893
			vertex -0.01887 0.32126 -0.04893
		endloop
	endfacet
	facet normal 0 0 0
		outer loop
			vertex -0.01887 0.32126 -0.04893
			vertex -0.020116500000000002 0.3712445 -0.04893
			vertex -0.018676500000000002 0.3713145 -0.04824
		endloop
	endfacet
	facet normal 0 0 0
		outer loop
			vertex -0.01887 0.32126 -0.04893
			vertex -0.020116500000000002 0.3712445 -0.04893
			vertex -0.01942 0.32123 -0.04953
		endloop
	endfacet
	facet normal 0 0 0
		outer loop
			vertex -0.01942 0.32123 -0.04953
			vertex -0.020116500000000002 0.3712445 -0.04893
			vertex -0.01887 0.32126 -0.04893
		endloop
	endfacet
	facet normal 0 0 0
		outer loop
			vertex -0.020116500000000002 0.3712445 -0.04893
			vertex -0.0206665 0.3712145 -0.04953
			vertex -0.01942 0.32123 -0.04953
		endloop
	endfacet
	facet normal 0 0 0
		outer loop
			vertex -0.01942 0.32123 -0.04953
			vertex -0.0206665 0.3712145 -0.04953
			vertex -0.020116500000000002 0.3712445 -0.04893
		endloop
	endfacet
	facet normal 0 0 0
		outer loop
			vertex -0.01942 0.32123 -0.04953
			vertex -0.0206665 0.3712145 -0.04953
			vertex -0.01984 0.32121 -0.05027
		endloop
	endfacet
	facet normal 0 0 0
		outer loop
			vertex -0.01984 0.32121 -0.05027
			vertex -0.0206665 0.3712145 -0.04953
			vertex -0.01942 0.32123 -0.04953
		endloop
	endfacet
	facet normal 0 0 0
		outer loop
			vertex -0.0206665 0.3712145 -0.04953
			vertex -0.0210865 0.3711945 -0.05027
			vertex -0.01984 0.32121 -0.05027
		endloop
	endfacet
	facet normal 0 0 0
		outer loop
			vertex -0.01984 0.32121 -0.05027
			vertex -0.0210865 0.3711945 -0.05027
			vertex -0.0206665 0.3712145 -0.04953
		endloop
	endfacet
	facet normal 0 0 0
		outer loop
			vertex -0.01984 0.32121 -0.05027
			vertex -0.0210865 0.3711945 -0.05027
			vertex -0.02031 0.32119 -0.05196
		endloop
	endfacet
	facet normal 0 0 0
		outer loop
			vertex -0.02031 0.32119 -0.05196
			vertex -0.0210865 0.3711945 -0.05027
			vertex -0.01984 0.32121 -0.05027
		endloop
	endfacet
	facet normal 0 0 0
		outer loop
			vertex -0.0210865 0.3711945 -0.05027
			vertex -0.021556500000000003 0.37117449999999996 -0.05196
			vertex -0.02031 0.32119 -0.05196
		endloop
	endfacet
	facet normal 0 0 0
		outer loop
			vertex -0.02031 0.32119 -0.05196
			vertex -0.021556500000000003 0.37117449999999996 -0.05196
			vertex -0.0210865 0.3711945 -0.05027
		endloop
	endfacet
	facet normal 0 0 0
		outer loop
			vertex -0.02031 0.32119 -0.05196
			vertex -0.021556500000000003 0.37117449999999996 -0.05196
			vertex -0.02036 0.32118 -0.05294
		endloop
	endfacet
	facet normal 0 0 0
		outer loop
			vertex -0.02036 0.32118 -0.05294
			vertex -0.021556500000000003 0.37117449999999996 -0.05196
			vertex -0.02031 0.32119 -0.05196
		endloop
	endfacet
	facet normal 0 0 0
		outer loop
			vertex -0.021556500000000003 0.37117449999999996 -0.05196
			vertex -0.0216065 0.3711645 -0.05294
			vertex -0.02036 0.32118 -0.05294
		endloop
	endfacet
	facet normal 0 0 0
		outer loop
			vertex -0.02036 0.32118 -0.05294
			vertex -0.0216065 0.3711645 -0.05294
			vertex -0.021556500000000003 0.37117449999999996 -0.05196
		endloop
	endfacet
	facet normal 0 0 0
		outer loop
			vertex -0.02036 0.32118 -0.05294
			vertex -0.0216065 0.3711645 -0.05294
			vertex -0.02035 0.32118 -0.05352
		endloop
	endfacet
	facet normal 0 0 0
		outer loop
			vertex -0.02035 0.32118 -0.05352
			vertex -0.0216065 0.3711645 -0.05294
			vertex -0.02036 0.32118 -0.05294
		endloop
	endfacet
	facet normal 0 0 0
		outer loop
			vertex -0.0216065 0.3711645 -0.05294
			vertex -0.0215965 0.3711645 -0.05352
			vertex -0.02035 0.32118 -0.05352
		endloop
	endfacet
	facet normal 0 0 0
		outer loop
			vertex -0.02035 0.32118 -0.05352
			vertex -0.0215965 0.3711645 -0.05352
			vertex -0.0216065 0.3711645 -0.05294
		endloop
	endfacet
	facet normal 0 0 0
		outer loop
			vertex -0.02035 0.32118 -0.05352
			vertex -0.0215965 0.3711645 -0.05352
			vertex -0.0203 0.32119 -0.05448
		endloop
	endfacet
	facet normal 0 0 0
		outer loop
			vertex -0.0203 0.32119 -0.05448
			vertex -0.0215965 0.3711645 -0.05352
			vertex -0.02035 0.32118 -0.05352
		endloop
	endfacet
	facet normal 0 0 0
		outer loop
			vertex -0.0215965 0.3711645 -0.05352
			vertex -0.0215465 0.37117449999999996 -0.05448
			vertex -0.0203 0.32119 -0.05448
		endloop
	endfacet
	facet normal 0 0 0
		outer loop
			vertex -0.0203 0.32119 -0.05448
			vertex -0.0215465 0.37117449999999996 -0.05448
			vertex -0.0215965 0.3711645 -0.05352
		endloop
	endfacet
	facet normal 0 0 0
		outer loop
			vertex -0.0203 0.32119 -0.05448
			vertex -0.0215465 0.37117449999999996 -0.05448
			vertex -0.02024 0.32119 -0.05486
		endloop
	endfacet
	facet normal 0 0 0
		outer loop
			vertex -0.02024 0.32119 -0.05486
			vertex -0.0215465 0.37117449999999996 -0.05448
			vertex -0.0203 0.32119 -0.05448
		endloop
	endfacet
	facet normal 0 0 0
		outer loop
			vertex -0.0215465 0.37117449999999996 -0.05448
			vertex -0.021486500000000002 0.37117449999999996 -0.05486
			vertex -0.02024 0.32119 -0.05486
		endloop
	endfacet
	facet normal 0 0 0
		outer loop
			vertex -0.02024 0.32119 -0.05486
			vertex -0.021486500000000002 0.37117449999999996 -0.05486
			vertex -0.0215465 0.37117449999999996 -0.05448
		endloop
	endfacet
	facet normal 0 0 0
		outer loop
			vertex -0.02024 0.32119 -0.05486
			vertex -0.021486500000000002 0.37117449999999996 -0.05486
			vertex -0.01153 0.32162 -0.10289
		endloop
	endfacet
	facet normal 0 0 0
		outer loop
			vertex -0.01153 0.32162 -0.10289
			vertex -0.021486500000000002 0.37117449999999996 -0.05486
			vertex -0.02024 0.32119 -0.05486
		endloop
	endfacet
	facet normal 0 0 0
		outer loop
			vertex -0.021486500000000002 0.37117449999999996 -0.05486
			vertex -0.014025000000000001 0.37155750000000004 -0.10289
			vertex -0.01153 0.32162 -0.10289
		endloop
	endfacet
	facet normal 0 0 0
		outer loop
			vertex -0.01153 0.32162 -0.10289
			vertex -0.014025000000000001 0.37155750000000004 -0.10289
			vertex -0.021486500000000002 0.37117449999999996 -0.05486
		endloop
	endfacet
	facet normal 0 0 0
		outer loop
			vertex -0.01153 0.32162 -0.10289
			vertex -0.014025000000000001 0.37155750000000004 -0.10289
			vertex -0.04548 0.31856 -0.13659
		endloop
	endfacet
	facet normal 0 0 0
		outer loop
			vertex -0.04548 0.31856 -0.13659
			vertex -0.014025000000000001 0.37155750000000004 -0.10289
			vertex -0.01153 0.32162 -0.10289
		endloop
	endfacet
	facet normal 0 0 0
		outer loop
			vertex -0.014025000000000001 0.37155750000000004 -0.10289
			vertex -0.0529315 0.3680015 -0.13659
			vertex -0.04548 0.31856 -0.13659
		endloop
	endfacet
	facet normal 0 0 0
		outer loop
			vertex -0.04548 0.31856 -0.13659
			vertex -0.0529315 0.3680015 -0.13659
			vertex -0.014025000000000001 0.37155750000000004 -0.10289
		endloop
	endfacet
	facet normal 0 0 0
		outer loop
			vertex -0.04548 0.31856 -0.13659
			vertex -0.0529315 0.3680015 -0.13659
			vertex -0.04655 0.3184 -0.13779
		endloop
	endfacet
	facet normal 0 0 0
		outer loop
			vertex -0.04655 0.3184 -0.13779
			vertex -0.0529315 0.3680015 -0.13659
			vertex -0.04548 0.31856 -0.13659
		endloop
	endfacet
	facet normal 0 0 0
		outer loop
			vertex -0.0529315 0.3680015 -0.13659
			vertex -0.0540015 0.36784150000000004 -0.13779
			vertex -0.04655 0.3184 -0.13779
		endloop
	endfacet
	facet normal 0 0 0
		outer loop
			vertex -0.04655 0.3184 -0.13779
			vertex -0.0540015 0.36784150000000004 -0.13779
			vertex -0.0529315 0.3680015 -0.13659
		endloop
	endfacet
	facet normal 0 0 0
		outer loop
			vertex -0.04655 0.3184 -0.13779
			vertex -0.0540015 0.36784150000000004 -0.13779
			vertex -0.04776 0.31822 -0.14008
		endloop
	endfacet
	facet normal 0 0 0
		outer loop
			vertex -0.04776 0.31822 -0.14008
			vertex -0.0540015 0.36784150000000004 -0.13779
			vertex -0.04655 0.3184 -0.13779
		endloop
	endfacet
	facet normal 0 0 0
		outer loop
			vertex -0.0540015 0.36784150000000004 -0.13779
			vertex -0.0552115 0.3676615 -0.14008
			vertex -0.04776 0.31822 -0.14008
		endloop
	endfacet
	facet normal 0 0 0
		outer loop
			vertex -0.04776 0.31822 -0.14008
			vertex -0.0552115 0.3676615 -0.14008
			vertex -0.0540015 0.36784150000000004 -0.13779
		endloop
	endfacet
	facet normal 0 0 0
		outer loop
			vertex -0.04776 0.31822 -0.14008
			vertex -0.0552115 0.3676615 -0.14008
			vertex -0.04791 0.31819 -0.14115
		endloop
	endfacet
	facet normal 0 0 0
		outer loop
			vertex -0.04791 0.31819 -0.14115
			vertex -0.0552115 0.3676615 -0.14008
			vertex -0.04776 0.31822 -0.14008
		endloop
	endfacet
	facet normal 0 0 0
		outer loop
			vertex -0.0552115 0.3676615 -0.14008
			vertex -0.0553615 0.3676315 -0.14115
			vertex -0.04791 0.31819 -0.14115
		endloop
	endfacet
	facet normal 0 0 0
		outer loop
			vertex -0.04791 0.31819 -0.14115
			vertex -0.0553615 0.3676315 -0.14115
			vertex -0.0552115 0.3676615 -0.14008
		endloop
	endfacet
	facet normal 0 0 0
		outer loop
			vertex -0.04791 0.31819 -0.14115
			vertex -0.0553615 0.3676315 -0.14115
			vertex -0.05605 0.31694 -0.13531
		endloop
	endfacet
	facet normal 0 0 0
		outer loop
			vertex -0.05605 0.31694 -0.13531
			vertex -0.0553615 0.3676315 -0.14115
			vertex -0.04791 0.31819 -0.14115
		endloop
	endfacet
	facet normal 0 0 0
		outer loop
			vertex -0.0553615 0.3676315 -0.14115
			vertex -0.064731 0.3661805 -0.13531
			vertex -0.05605 0.31694 -0.13531
		endloop
	endfacet
	facet normal 0 0 0
		outer loop
			vertex -0.05605 0.31694 -0.13531
			vertex -0.064731 0.3661805 -0.13531
			vertex -0.0553615 0.3676315 -0.14115
		endloop
	endfacet
	facet normal 0 0 0
		outer loop
			vertex -0.05605 0.31694 -0.13531
			vertex -0.064731 0.3661805 -0.13531
			vertex -0.04758 0.31824 -0.14273
		endloop
	endfacet
	facet normal 0 0 0
		outer loop
			vertex -0.04758 0.31824 -0.14273
			vertex -0.064731 0.3661805 -0.13531
			vertex -0.05605 0.31694 -0.13531
		endloop
	endfacet
	facet normal 0 0 0
		outer loop
			vertex -0.064731 0.3661805 -0.13531
			vertex -0.0550315 0.3676815 -0.14273
			vertex -0.04758 0.31824 -0.14273
		endloop
	endfacet
	facet normal 0 0 0
		outer loop
			vertex -0.04758 0.31824 -0.14273
			vertex -0.0550315 0.3676815 -0.14273
			vertex -0.064731 0.3661805 -0.13531
		endloop
	endfacet
	facet normal 0 0 0
		outer loop
			vertex -0.0550315 0.3676815 -0.14273
			vertex -0.014025000000000001 0.37155750000000004 -0.10289
			vertex -0.0524115 0.36808149999999995 -0.14494
		endloop
	endfacet
	facet normal 0 0 0
		outer loop
			vertex -0.0550315 0.3676815 -0.14273
			vertex -0.0529315 0.3680015 -0.13659
			vertex -0.014025000000000001 0.37155750000000004 -0.10289
		endloop
	endfacet
	facet normal 0 0 0
		outer loop
			vertex -0.0550315 0.3676815 -0.14273
			vertex -0.0540015 0.36784150000000004 -0.13779
			vertex -0.0529315 0.3680015 -0.13659
		endloop
	endfacet
	facet normal 0 0 0
		outer loop
			vertex -0.0524115 0.36808149999999995 -0.14494
			vertex -0.021486500000000002 0.37117449999999996 -0.05486
			vertex -0.050116999999999995 0.368431 -0.14554950000000003
		endloop
	endfacet
	facet normal 0 0 0
		outer loop
			vertex -0.0524115 0.36808149999999995 -0.14494
			vertex -0.014025000000000001 0.37155750000000004 -0.10289
			vertex -0.021486500000000002 0.37117449999999996 -0.05486
		endloop
	endfacet
	facet normal 0 0 0
		outer loop
			vertex -0.050116999999999995 0.368431 -0.14554950000000003
			vertex -0.0215465 0.37117449999999996 -0.05448
			vertex 0.00479 0.37179999999999996 -0.1527
		endloop
	endfacet
	facet normal 0 0 0
		outer loop
			vertex -0.050116999999999995 0.368431 -0.14554950000000003
			vertex -0.021486500000000002 0.37117449999999996 -0.05486
			vertex -0.0215465 0.37117449999999996 -0.05448
		endloop
	endfacet
	facet normal 0 0 0
		outer loop
			vertex 0.00479 0.37179999999999996 -0.1527
			vertex 0.0404915 0.369601 -0.19618
			vertex 0.0312835 0.370522 -0.19617
		endloop
	endfacet
	facet normal 0 0 0
		outer loop
			vertex 0.00479 0.37179999999999996 -0.1527
			vertex 0.0661595 0.36591 -0.15280049999999998
			vertex 0.0404915 0.369601 -0.19618
		endloop
	endfacet
	facet normal 0 0 0
		outer loop
			vertex 0.00479 0.37179999999999996 -0.1527
			vertex -0.0215965 0.3711645 -0.05352
			vertex 0.0661595 0.36591 -0.15280049999999998
		endloop
	endfacet
	facet normal 0 0 0
		outer loop
			vertex 0.00479 0.37179999999999996 -0.1527
			vertex -0.0215465 0.37117449999999996 -0.05448
			vertex -0.0215965 0.3711645 -0.05352
		endloop
	endfacet
	facet normal 0 0 0
		outer loop
			vertex 0.0312835 0.370522 -0.19617
			vertex 0.040785499999999995 0.369552 -0.19789
			vertex 0.0322275 0.3697515 -0.19689
		endloop
	endfacet
	facet normal 0 0 0
		outer loop
			vertex 0.0312835 0.370522 -0.19617
			vertex 0.0404915 0.369601 -0.19618
			vertex 0.040785499999999995 0.369552 -0.19789
		endloop
	endfacet
	facet normal 0 0 0
		outer loop
			vertex 0.0322275 0.3697515 -0.19689
			vertex 0.040785499999999995 0.369552 -0.19789
			vertex 0.0358255 0.370052 -0.19985
		endloop
	endfacet
	facet normal 0 0 0
		outer loop
			vertex 0.0358255 0.370052 -0.19985
			vertex 0.0385155 0.369782 -0.19985
			vertex 0.0371755 0.36991199999999996 -0.20009
		endloop
	endfacet
	facet normal 0 0 0
		outer loop
			vertex 0.0358255 0.370052 -0.19985
			vertex 0.040785499999999995 0.369552 -0.19789
			vertex 0.0385155 0.369782 -0.19985
		endloop
	endfacet
	facet normal 0 0 0
		outer loop
			vertex 0.0661595 0.36591 -0.15280049999999998
			vertex 0.121705 0.351247 -0.13664
			vertex 0.121205 0.351427 -0.14507
		endloop
	endfacet
	facet normal 0 0 0
		outer loop
			vertex 0.0661595 0.36591 -0.15280049999999998
			vertex 0.08189650000000001 0.360404 -0.10202
			vertex 0.121705 0.351247 -0.13664
		endloop
	endfacet
	facet normal 0 0 0
		outer loop
			vertex 0.0661595 0.36591 -0.15280049999999998
			vertex -0.0215965 0.3711645 -0.05352
			vertex 0.08189650000000001 0.360404 -0.10202
		endloop
	endfacet
	facet normal 0 0 0
		outer loop
			vertex 0.121205 0.351427 -0.14507
			vertex 0.123805 0.350477 -0.14017
			vertex 0.123665 0.350527 -0.14283
		endloop
	endfacet
	facet normal 0 0 0
		outer loop
			vertex 0.121205 0.351427 -0.14507
			vertex 0.12267499999999999 0.350887 -0.13789
			vertex 0.123805 0.350477 -0.14017
		endloop
	endfacet
	facet normal 0 0 0
		outer loop
			vertex 0.121205 0.351427 -0.14507
			vertex 0.121705 0.351247 -0.13664
			vertex 0.12267499999999999 0.350887 -0.13789
		endloop
	endfacet
	facet normal 0 0 0
		outer loop
			vertex 0.123665 0.350527 -0.14283
			vertex 0.123805 0.350477 -0.14017
			vertex 0.123965 0.350417 -0.14123
		endloop
	endfacet
	facet normal 0 0 0
		outer loop
			vertex 0.08189650000000001 0.360404 -0.10202
			vertex 0.08455850000000001 0.3620735 -0.0487205
			vertex 0.0909285 0.3604535 -0.054760500000000004
		endloop
	endfacet
	facet normal 0 0 0
		outer loop
			vertex 0.08189650000000001 0.360404 -0.10202
			vertex -0.0215965 0.3711645 -0.05352
			vertex 0.08455850000000001 0.3620735 -0.0487205
		endloop
	endfacet
	facet normal 0 0 0
		outer loop
			vertex 0.0909285 0.3604535 -0.054760500000000004
			vertex 0.0863685 0.3616135 -0.0481305
			vertex 0.0910785 0.3604135 -0.0531805
		endloop
	endfacet
	facet normal 0 0 0
		outer loop
			vertex 0.0909285 0.3604535 -0.054760500000000004
			vertex 0.08455850000000001 0.3620735 -0.0487205
			vertex 0.0863685 0.3616135 -0.0481305
		endloop
	endfacet
	facet normal 0 0 0
		outer loop
			vertex 0.0910785 0.3604135 -0.0531805
			vertex 0.0863685 0.3616135 -0.0481305
			vertex 0.0910985 0.3604135 -0.0528405
		endloop
	endfacet
	facet normal 0 0 0
		outer loop
			vertex 0.0910985 0.3604135 -0.0528405
			vertex 0.0872185 0.3614035 -0.0480505
			vertex 0.0910085 0.36043349999999996 -0.051860500000000004
		endloop
	endfacet
	facet normal 0 0 0
		outer loop
			vertex 0.0910985 0.3604135 -0.0528405
			vertex 0.0863685 0.3616135 -0.0481305
			vertex 0.0872185 0.3614035 -0.0480505
		endloop
	endfacet
	facet normal 0 0 0
		outer loop
			vertex 0.0910085 0.36043349999999996 -0.051860500000000004
			vertex 0.0895485 0.3608035 -0.0488305
			vertex 0.0905185 0.3605635 -0.0501705
		endloop
	endfacet
	facet normal 0 0 0
		outer loop
			vertex 0.0910085 0.36043349999999996 -0.051860500000000004
			vertex 0.0881085 0.3611735 -0.0481405
			vertex 0.0895485 0.3608035 -0.0488305
